0.137110
0.351822
-0.808994
1.055180
-0.470017
-0.532467
0.342391
0.588411
0.461400
0.384539
-0.121490
0.407293
-0.090805
0.241242
-0.409239
0.452768
-0.643894
-0.036549
-0.137331
-0.387221
-0.030254
-0.104112
-0.157554
0.685629
0.327702
-0.248916
-0.492628
-0.049706
0.103695
0.729237
-0.069003
-0.547657
0.537437
0.359296
-0.445610
0.501751
0.241090
-0.446233
0.398754
-0.814482
0.061628
-0.147503
0.120818
0.055464
0.488264
0.023860
0.009995
-0.107475
-0.718621
-0.718520
-0.410930
0.583061
0.176570
0.335385
-0.576831
0.029965
0.225260
0.006002
0.410441
0.303458
-0.211089
-0.257292
-0.378963
-0.185150
-0.112347
0.257269
0.500492
0.178739
-0.056398
-0.027383
-0.329718
0.106165
-0.558832
-0.082268
0.159018
-0.259857
-0.240255
-0.145932
0.062453
0.364650
-0.115136
-0.349421
-0.339177
0.120100
-0.165345
0.262521
0.337488
-0.409279
0.566445
0.390743
-0.249052
0.020414
-0.297723
0.241593
0.068785
0.450908
0.323030
-0.039251
-0.008347
-0.466320
-0.274324
-0.808683
-0.314870
-0.511367
0.033254
-0.219499
-0.726791
-0.031260
-0.372062
-0.483072
-0.382033
0.194183
-0.216966
-0.727839
0.001646
-0.402141
0.519383
1.036338
0.511430
0.206735
-0.175390
0.346728
-0.541556
-0.339193
-0.167648
0.325414
-0.094015
0.081555
-0.979478
0.608901
-0.877380
-0.418987
0.165848
-0.167117
-0.007764
0.342759
0.621774
0.349019
-0.316650
-0.257632
-0.420096
0.379505
-0.009796
0.075103
0.131975
0.383928
0.214086
0.151559
-0.254366
0.270319
0.150093
0.452754
-0.819815
-0.287509
-0.282381
-0.670347
0.308857
0.344911
0.274253
0.070442
-1.317457
0.226557
-0.660251
0.427004
0.208518
-0.138883
0.039575
-0.042859
0.099094
0.852349
-0.066175
-0.869085
0.673127
0.298994
-0.383663
-0.076795
-0.252910
0.048173
-0.617632
0.275054
-1.273867
-0.238770
-0.569595
-0.162023
-0.053672
-0.305597
0.267334
0.086025
0.098697
-0.113034
-0.114905
0.260249
-0.097411
-0.564369
0.202247
0.119924
-0.121183
-0.456077
-0.169071
0.572171
-0.570755
-0.508969
-0.215655
-0.416606
-1.007209
-0.259714
-0.344058
-0.447795
-0.283819
0.402245
-1.268132
-0.072800
0.422300
0.051224
-0.258126
0.038442
-0.301387
-0.378860
-0.017808
0.444921
-0.020028
-0.267812
-0.715465
-0.621091
0.807156
0.108982
-0.264020
-0.067881
-0.441730
0.141733
0.218438
0.025880
0.460475
-0.573486
-0.005265
-0.414707
0.114098
0.009805
-0.639937
0.599271
-0.203907
0.613640
-0.123289
0.072296
-0.555167
-0.188888
0.412282
-0.810881
0.407968
0.206000
0.313403
0.758264
0.123285
-0.518830
-0.517160
0.589542
0.215098
0.338857
0.101920
0.409097
0.809427
-0.426057
0.027634
0.485361
0.207944
-0.407851
0.458180
-0.295157
-0.841368
0.710838
-0.206951
0.218281
0.069865
0.746875
-0.705206
0.273049
0.021353
0.117753
-0.291533
0.018610
-0.116030
0.154585
0.341423
0.027066
-0.211132
0.245890
0.536448
-0.283544
-1.106832
-0.617506
0.432702
0.327864
-0.488665
0.167829
0.690710
0.335929
-0.107832
0.175677
-0.200186
-0.173345
-0.004819
-0.495680
0.210808
-0.231851
-0.515140
-0.269357
-0.210206
0.113326
0.069657
0.507403
0.095181
0.338384
-0.162743
-0.064100
-0.124752
-0.839548
0.203006
0.181222
0.241455
0.170311
-0.221280
-0.240750
-0.081005
0.729456
-0.828803
-0.720954
-0.407316
-0.064808
-0.371857
0.780032
-0.359136
0.600100
0.078533
-0.163300
0.318149
-0.565635
0.336517
-0.256391
0.225625
-0.113237
1.165877
-0.290802
0.331939
0.089772
0.160918
-0.229838
-0.098163
0.395406
0.283443
0.033813
0.500051
-0.224990
0.377642
-0.366629
0.303580
0.255819
0.799167
-0.832356
0.444085
-0.108890
-0.084598
0.531846
-0.381935
0.600282
0.235359
0.010384
0.470078
-0.470912
0.524006
-0.086703
-0.019180
0.595269
0.036583
-0.274892
0.531611
-0.021640
0.403897
-0.043853
0.261842
-0.527090
0.167191
-0.741454
0.286882
0.232970
-0.760482
-0.719949
-0.382772
0.297510
-0.050279
0.657019
-0.098562
0.109691
-0.254160
0.418929
0.476322
-0.338242
-0.017572
-0.257982
-0.435167
0.520576
-0.988178
0.330247
0.303794
-0.397946
-1.106711
-0.098983
-0.070204
0.378669
-0.148273
-0.788973
-0.109028
-0.005973
0.254546
0.762345
0.467932
0.422984
-0.080688
0.167905
0.248442
-0.062430
-0.230317
0.147701
0.292490
-0.050443
-0.765344
-0.525626
0.564631
0.926987
-0.093947
-0.134382
-0.461066
0.485743
-0.255956
-0.289624
-0.005622
0.194962
-0.235427
0.611318
0.445853
0.375538
-0.286468
-0.484468
-0.402021
0.035758
-1.364478
-0.131674
-0.069585
0.106869
-0.380697
0.416444
-0.083858
-0.219283
-0.258736
-0.755424
-0.071571
-0.219169
0.629126
-0.134120
-0.394320
-0.490078
-0.040465
0.530756
-0.408505
0.568508
-0.326092
-0.560383
-0.432974
0.302703
0.371814
0.263176
-0.435509
0.837489
0.293518
0.308068
-0.903823
0.161458
1.037802
-0.407114
-0.156667
-0.495677
0.123310
0.338304
-0.782990
0.317111
-0.056283
0.042561
0.171048
-0.568112
0.622802
-0.870139
-0.391376
-0.930242
0.173426
0.247668
0.568790
-0.644408
-0.246480
-0.633595
-0.097007
-0.106110
0.165897
-0.614168
0.161724
0.173668
-0.704389
0.102020
1.183830
-0.063759
-0.155531
0.301185
0.565069
0.672702
0.714628
0.122906
-0.137922
0.078019
0.175915
0.242284
0.913563
-0.262786
-0.654601
0.024204
0.678553
-0.280618
0.232329
-0.178373
-0.310802
-0.127083
0.061336
0.332619
0.447802
0.761464
-0.257030
0.487237
0.244280
0.121177
-0.803798
-0.320084
-0.246670
0.302868
0.196599
-0.135561
-0.061338
-0.365395
0.019168
-0.096882
0.422070
0.240061
0.274800
0.775367
0.090041
-0.222909
0.174146
-0.056550
0.325000
0.146812
0.115240
0.339796
-0.407744
-0.082999
-0.646637
-0.414054
0.232295
-0.157602
0.163694
-0.121520
-0.303426
-1.249494
0.319243
-0.885555
-0.650279
-0.522156
-0.070720
0.336705
-0.574695
-0.013104
0.216279
-0.422416
-0.098502
-0.466577
-0.035366
0.195122
0.421656
-0.117358
-0.104886
-0.510641
-0.300736
-0.150138
-0.322021
-0.348977
-0.185984
0.360149
-0.272809
0.041795
0.176079
-0.198722
0.358068
-0.115040
0.468339
0.330397
-0.397803
0.067925
0.210207
-0.309323
0.151584
0.425722
-0.291172
-0.524284
-0.275176
-0.041285
0.563847
-0.552041
0.336258
-0.355853
-0.072767
0.368160
-1.381964
-0.424510
-0.054415
-0.083328
0.303309
0.000822
-0.297392
0.293347
-0.296831
-0.146025
-0.102086
1.438877
0.496811
-0.405756
0.190339
-0.187136
-0.667116
0.015389
0.106232
0.345473
-0.725667
-0.244872
-0.995057
0.692540
-0.003277
-0.033170
0.100868
0.215790
-0.167002
-0.393284
0.111852
-0.184827
0.337344
-0.380997
-0.215986
-0.475689
-0.667659
-0.003106
-0.690477
-1.078014
-0.653347
-0.096604
0.161001
-0.938580
0.014294
-0.379553
-0.000117
-0.158702
-0.056463
-0.157818
-0.534205
-0.156114
-0.396408
-0.329470
0.140269
-0.267879
-0.073707
0.021456
0.087099
0.106664
0.067661
-0.238535
-0.152166
-0.106044
-1.321658
-0.210022
-0.014757
-0.075174
-1.088641
0.514760
0.257533
1.458407
0.189023
-0.402107
0.122960
-0.376716
-0.716669
0.316236
-0.383519
0.369134
0.599501
-0.826584
-0.398965
-0.783317
0.418333
-0.426638
0.020664
-0.408161
-0.655024
-0.081649
-0.342395
-0.181219
-0.087612
-0.203086
0.094772
-0.058254
-0.645768
-0.473510
-0.151322
0.113208
0.625648
0.445669
-0.813127
0.303455
0.160211
0.538215
-0.350532
-0.662981
0.033889
0.009580
-0.293110
-0.017848
-0.433911
0.281761
-1.138865
0.281085
-0.340624
-0.493626
-0.219568
-0.456036
-0.492247
-0.121925
-0.244668
-0.321712
-0.256794
-0.101558
0.241008
-0.114510
-0.224647
-0.430263
0.195613
-0.121329
0.078524
-0.157472
-0.276387
0.087909
-0.615430
-0.465005
0.126911
-0.324778
-0.169829
0.295099
-0.271571
-1.106858
-0.375268
0.347121
0.027495
0.135452
-0.307532
-0.239140
0.616567
0.001814
0.099435
0.831882
-0.258993
0.878505
-0.445156
-1.605743
0.024281
0.228729
0.215429
-0.542574
0.227940
-0.106519
-0.301311
-0.296277
-0.002558
0.490266
-0.646883
0.126761
-0.105636
-0.119158
-0.256519
-0.365338
0.225004
-0.265795
-0.170578
0.281707
-0.401512
0.032154
-0.712739
-0.324519
0.527853
0.363704
-0.075513
0.041882
-0.179013
0.250625
-0.094526
-0.003299
0.189792
0.102310
-0.241227
1.052534
0.716556
-0.216432
-0.496726
-0.606481
0.169345
-0.069642
-0.157836
-0.167180
0.420612
-0.873261
0.271102
-0.639113
0.247789
-0.327649
0.214215
0.313045
-0.018526
-0.834959
-0.103450
0.017858
-0.195584
-0.410945
-0.832789
0.153950
0.263943
0.105861
-0.561508
0.236207
-0.316468
0.274001
0.695668
0.001469
-0.771711
-0.238562
-0.794330
0.306659
-0.591123
0.596051
0.975654
-0.168497
0.304974
0.168143
0.015926
-0.308166
-0.321738
0.068916
0.382308
-0.380800
0.016900
-0.219441
-0.129481
0.787281
-0.003070
0.418019
-1.304999
-1.725033
0.052827
-0.774672
-0.294373
-0.194190
-0.057016
-0.337663
-0.531254
0.106198
0.233885
0.208194
0.055366
-0.809355
-0.247366
0.239100
-0.162020
0.359351
0.288353
-0.258115
-0.388457
-0.196421
0.185021
0.570471
-0.215335
0.063303
0.387133
0.394392
0.253915
0.145307
0.327622
-0.551022
0.210486
-0.463692
-0.158496
-1.036602
-0.191430
-0.331356
0.123413
0.092795
-0.011976
0.193684
0.888297
-0.408641
0.560537
-0.309191
0.150622
-0.531950
-0.628817
-0.497411
-0.923952
-0.190721
-0.296941
-1.119473
0.031230
-0.345571
-0.618611
-0.178773
0.745514
-0.243062
-0.037020
0.044435
0.254619
0.852004
-0.730641
-0.690749
0.050608
-0.041929
-0.663350
0.148061
0.152712
0.249135
-0.124798
0.138663
0.962293
-0.026326
0.329917
0.310351
-0.186970
