0.396423
-0.263582
-0.357277
-0.084838
-0.181912
0.084689
0.214062
0.498494
0.292171
0.179018
0.170072
0.806183
-0.203550
0.031699
0.220082
-0.339698
-0.584420
0.035176
0.111866
-0.551522
-0.959618
0.548331
0.228134
-0.254361
-0.112584
-0.087575
-0.133836
0.411868
-0.744792
0.317882
0.005645
-0.353809
0.076036
-0.538411
-1.633992
-1.148672
-0.805080
-0.560857
-0.384051
-0.662009
-0.500620
-0.001459
-0.239777
-0.264926
0.313151
0.247623
-0.077533
0.460410
-0.220801
0.837856
0.062562
0.175547
-0.619415
-0.370702
0.094875
0.496546
0.495469
0.112286
0.316521
-0.036628
-0.080995
-0.342816
-0.525302
0.931081
-0.063404
-0.056244
-0.613185
-0.201988
0.364014
0.024351
0.252707
-0.266016
-0.062156
-0.741349
0.204742
-0.107216
-0.190711
-1.107626
0.476824
-0.815477
-0.088648
0.219824
0.470646
-0.452855
-0.352122
0.108966
0.432289
-0.114413
0.590695
-0.671393
0.059138
-0.193255
-0.275486
-0.496810
0.255935
0.493473
0.217740
0.772038
0.223068
0.422921
-0.227677
-0.637356
-1.585850
-1.737426
-1.313184
-0.597115
-0.099127
-0.503714
-0.407485
-0.944903
-0.107151
-1.640129
0.772531
0.816897
0.053194
0.027681
0.098345
-0.433898
0.327896
-1.216351
-0.097074
-1.174970
-0.380958
0.312418
-0.075511
0.026965
0.656027
-0.179686
0.381996
-0.857501
0.056444
0.658900
0.265428
0.634425
0.391878
0.698053
0.172277
-1.496349
-0.647628
-0.543073
-0.163812
-0.530908
0.232723
0.288401
-0.939798
-0.811404
-0.155565
-0.372937
-0.625774
0.019339
0.194511
0.086922
0.215220
0.058670
-0.370508
0.008462
0.033445
-0.918566
-0.302994
-0.126537
-0.073054
-0.013894
0.105017
0.117347
0.354775
0.530228
-0.174673
0.559981
0.940156
0.496062
-0.168167
0.661162
0.654132
0.761690
0.035295
0.441829
0.387010
0.722579
0.191624
0.439596
0.459188
0.316201
0.469060
-0.385996
0.528942
0.331750
0.492777
0.188297
0.663830
0.708562
0.757996
0.276061
0.342179
0.500996
0.391324
0.417980
0.448648
0.435609
0.660643
0.332339
-0.219871
0.345852
0.406754
0.401538
0.481390
-0.033569
0.262250
0.514490
0.233573
0.444529
0.459280
-0.223416
0.211270
-0.167786
0.136842
0.359031
-0.241914
-0.099707
-0.602146
-0.723104
-0.197992
0.164671
0.573550
0.037603
-0.559826
-0.220201
-0.318152
0.171763
-0.424881
-0.095899
-0.701063
-0.302501
-0.264829
0.213106
-0.515566
0.000185
0.160239
0.203869
-0.065698
-0.864910
0.054269
0.196367
-1.327701
-0.516479
-0.398742
0.314524
-1.330124
0.186105
-0.317795
-0.155575
0.513857
-0.503685
0.164571
-1.077593
-0.153994
-0.519824
0.228429
0.369535
-0.910671
-1.270359
-0.897936
0.082038
-2.057359
-0.811669
0.331840
-1.079963
-0.026093
0.253502
0.151679
0.149180
-0.295085
0.785183
-0.094532
-0.113648
0.358703
0.021704
-0.313129
-0.582976
-0.210323
-0.662793
-0.319564
0.023980
-0.039474
-0.400871
0.508634
0.155818
-0.119135
-0.105230
-0.285139
-0.332394
-0.023743
-0.069120
0.219655
-0.412064
-0.287681
0.656904
0.233312
0.219197
-0.631784
0.006285
-0.230710
0.575377
0.056418
-0.121790
-0.080022
0.133735
0.026671
-0.495744
-0.301173
0.129609
-0.096795
-0.384529
0.673629
-1.380929
0.505759
0.690877
0.257078
0.953399
-0.117294
0.435852
-0.443072
-0.511956
-0.505981
-0.843730
-0.515611
-0.278702
-0.100334
-0.147745
-0.550712
-0.623278
-0.171509
-0.238897
0.020405
-0.793557
-1.216957
-0.678079
0.019107
-0.916503
-0.471705
-0.248316
-0.489125
-0.770297
-0.482910
-0.000279
0.249915
0.026124
0.026516
0.065277
-0.632670
-0.439007
-0.982448
-1.798022
-0.464711
-0.112926
-0.464796
-0.247622
0.693215
-0.807310
-0.026460
-0.231026
0.086786
-0.068781
-0.661961
-0.713520
-0.309523
-0.145004
0.012059
-1.567226
-0.778861
-1.113022
-0.699812
0.070449
-0.913027
-1.365440
-1.560468
-0.731619
-1.654559
0.147638
-0.901271
-0.243589
-0.217055
-0.324393
-1.281129
-0.748457
-0.030533
-0.531633
-0.289650
-1.033622
-0.217273
-0.229958
-0.577226
0.090621
-0.155152
0.067895
-0.932097
-0.824073
-0.607227
-1.122543
-0.196002
-0.687512
-0.623432
-0.114407
0.004835
0.095280
-0.144589
-1.149003
-0.769871
0.755384
-0.443748
-0.477879
-0.497145
-1.202354
-0.956645
0.063215
-0.560393
0.100023
-0.383218
-0.084156
0.121930
0.120638
-0.066079
-0.280359
0.357916
-1.898846
0.072205
-0.751615
0.683618
0.121546
0.378013
0.537283
-0.041332
0.224000
0.123189
0.143156
0.436370
-0.047255
-1.811490
-0.961308
-1.424597
-1.295866
-0.835694
-1.663261
0.322657
-0.580316
0.083614
-1.336639
0.102165
-0.207072
-0.391311
-1.060403
-0.173938
-1.041397
-1.661404
-0.281960
-0.403955
-1.361522
-1.649177
-0.034703
-0.037963
-0.378356
-0.128765
0.266766
0.470613
0.010056
-0.167258
-0.020706
0.490183
-0.346885
0.092249
-0.023489
-0.013425
-0.563269
-0.355323
0.587143
0.013788
-0.637855
-0.247660
0.569186
0.686242
0.742882
0.154505
0.511058
0.937483
0.597458
0.249480
0.175030
0.544825
0.351959
0.401425
0.478979
0.240101
0.082043
0.526239
0.540236
-0.237371
0.563512
0.576101
0.629884
0.302202
0.093430
-0.034271
0.250140
-0.077866
0.229334
0.258023
0.226762
0.387936
0.034366
0.213415
0.464485
0.646487
-0.092758
0.764132
0.265394
0.742015
0.379412
-0.086273
-0.154399
0.545463
0.668993
0.264273
-0.516962
0.469985
0.507134
0.250129
0.328945
0.424060
0.453356
0.137925
0.266012
0.439020
-0.528909
-0.507697
-0.381548
-0.436220
0.117638
0.534788
-0.318159
-1.180106
-0.894691
-0.701355
-0.998269
0.087396
-0.496578
-1.439245
-0.569404
-0.723524
-0.642494
0.081618
-0.314002
-1.171175
-0.595032
-0.263676
-0.632424
-1.542513
-0.660550
0.197410
-0.183339
-0.326020
-1.233933
-0.443270
-0.244928
-1.051239
-1.318584
-0.620770
-0.040976
-1.704144
0.156845
-0.620541
-0.475272
-1.002572
-0.616341
-0.321142
-0.719772
-1.025475
-0.433795
-0.736664
-0.340672
-0.643399
0.043361
-0.359961
-0.069621
-0.094433
0.046249
-0.924622
-0.597166
-0.195549
0.355363
0.262661
-1.104627
0.132463
0.292507
-0.241355
-0.941747
-0.724432
-0.056227
-0.435534
-0.970581
-1.481680
-0.855244
-0.011493
0.360163
0.883244
0.413805
-0.235487
0.475462
0.511218
0.332710
0.048180
-0.108557
0.549964
0.489489
0.925446
0.291344
0.384415
-0.420800
0.307860
0.068745
-0.339446
-0.353684
0.109925
-0.177126
-0.790388
-0.655391
-0.100300
0.608631
-0.258731
-0.020364
-0.204812
0.273789
-0.159746
0.189490
0.379514
0.326615
-0.731703
-0.184118
-0.611164
0.104253
0.293449
-0.725053
0.656117
-0.108691
0.454355
0.035965
0.090255
0.415116
0.250328
0.496245
-0.091737
0.027667
0.523833
-0.011065
0.123036
0.372113
0.374045
0.508379
0.680666
-0.004170
0.442401
0.198443
0.550984
-0.110562
0.390490
-0.266906
-0.819920
0.827569
-0.213183
-0.458326
-1.716234
-0.450835
-0.217042
-1.057546
0.004104
-0.370909
-0.041872
-0.125118
0.773636
-0.886576
-0.386654
-0.981167
-1.062163
-0.695670
-1.043376
0.203543
-0.231459
0.108018
-1.695268
-1.271149
-0.799281
0.077603
0.136548
0.023027
-0.142169
0.436157
-0.146227
-0.312705
-0.195533
-0.036077
-0.067294
-0.995174
-0.159992
-0.293240
0.522881
-0.631317
0.422196
-0.187159
0.123714
-0.176906
0.236047
0.012682
-0.015948
-0.204163
0.018491
-0.326225
-0.553180
-0.602835
-1.073770
0.157750
-1.318400
-0.693869
-0.641293
-0.652359
0.026058
-0.082818
-0.694877
-0.759916
-0.149439
-0.669175
-0.061475
-0.012657
-0.309297
0.189306
-0.342510
-0.559904
0.322706
0.035184
-0.840053
-0.320961
-0.232773
-0.173798
-0.310347
-0.058654
-1.204213
-0.040765
0.601255
0.312099
-0.058028
-0.422590
-0.510482
0.297396
0.002656
-0.396336
0.025664
-0.235130
-0.306406
-0.722924
0.202263
-1.673842
-1.071461
-1.094711
-0.637628
-0.223678
-0.392461
-0.652156
-0.683191
-0.954853
-0.830704
-0.388276
-1.026052
0.077566
-0.717380
0.105703
-0.297434
-0.323546
-0.847012
0.545240
-0.893539
0.109417
-1.018270
-0.625477
-0.331721
-0.363649
-1.079933
-0.427959
-0.370679
-0.819654
0.219471
-0.787866
-0.269282
-0.625154
-1.576470
-0.057452
0.285746
-0.024940
-1.149514
-0.537683
-0.281039
-0.795113
-0.512787
-0.734739
-0.625459
-0.722353
-0.335251
-0.697866
0.190098
0.010972
-0.648812
-0.934254
-0.207799
-0.579464
0.614529
-0.826489
0.039593
0.534802
-0.382501
-1.420052
-0.504197
-0.888041
-1.118621
-0.808063
-1.135705
-1.135746
-0.390579
-1.066434
-0.662037
-0.983081
-0.939638
-0.892433
-0.817706
-1.943855
-1.025959
-0.948854
-0.441894
-1.315360
-0.298350
0.294069
0.010223
0.420995
-1.797552
-0.733113
-0.657452
-0.159006
-0.841393
-0.415972
-0.028908
-0.499474
0.001501
-0.224129
-0.857417
0.662101
-0.276467
-0.364845
0.246980
-0.634516
0.231550
0.120972
-0.652698
-0.733208
-0.500938
-0.899788
0.376780
-0.970768
1.073833
-0.317887
-0.372651
-0.625667
0.709859
-0.570987
-0.794314
-0.366636
-1.258435
-0.413338
-0.641431
-0.327898
-0.790018
-0.780537
-1.266218
-1.045158
-0.398918
-0.387618
-0.624545
0.130595
-0.890741
-0.955791
-0.820169
-0.414260
0.047253
-0.578589
0.237026
-1.641410
-0.978496
-0.808071
-1.563393
-1.310409
-0.507171
0.237169
-0.986691
-0.157538
-0.183212
0.240967
-1.707355
-0.331024
-0.363536
0.701135
-0.496145
-0.597094
-0.818440
-1.146916
-0.026064
-0.155234
-0.653685
-0.384722
0.549606
-0.585871
0.537892
-0.618355
-0.276867
-0.211485
-0.271637
-0.373076
0.234529
-0.158414
0.395040
-0.044257
-0.064195
-0.751831
-0.358969
-0.531853
-0.680387
-1.058289
-1.374919
-0.941939
-1.003374
-0.780696
-0.033638
0.115312
-0.375425
-0.478542
0.193992
-1.170728
-0.101872
0.033595
-0.256333
-0.543732
0.350249
-0.351143
0.273779
-1.482392
-0.388920
-0.185828
-1.054160
-0.566673
-0.020775
-0.197392
-0.242853
0.038691
0.401214
-0.066183
-0.083765
0.003408
-0.651054
-0.025422
0.861661
-0.304254
0.192035
0.359282
-0.411800
0.348720
0.162923
0.032808
-0.067853
-0.262130
-0.150356
-0.550748
-0.781336
-1.560410
-0.939359
-0.856724
-0.542029
-0.416884
-1.235521
-0.456504
-1.113660
-1.047874
-0.330804
-1.166596
-0.181491
-1.263597
-0.696222
-0.713673
-0.717221
0.193801
-0.210664
0.228618
-0.231922
-0.575506
-1.721027
-1.501456
0.015798
-1.008526
-0.334737
-1.702310
-0.657499
-0.169119
0.934168
-0.928163
0.468762
-0.335342
-0.238091
-0.560513
-0.175982
-0.037050
-1.157298
-0.433916
-1.005133
-0.247038
-0.722288
-0.429941
0.467340
0.410599
-0.498073
-0.416325
-1.003769
0.567442
-1.073534
-0.792883
0.632920
-0.498511
-1.612357
-1.434849
-0.961004
-1.130800
-1.059967
-0.822872
-0.341870
-1.007011
-1.716123
-0.205626
0.348269
-0.802870
-0.339097
-0.455363
-0.255687
0.039044
-0.172419
-0.173799
-0.764475
-0.417465
-1.124636
0.052107
-0.562149
-1.047466
-0.647699
-1.462330
0.038314
0.048355
-0.983030
0.265347
-0.675255
-0.652330
-0.296331
0.205113
0.392532
0.965469
0.116366
-0.613151
-0.642297
-0.612908
-0.129720
0.030099
-0.621748
-0.365662
0.116442
-0.538530
-0.410711
-0.959422
-0.413738
-0.869346
-1.056782
-0.275824
-0.586399
-0.597336
-1.473304
0.466604
-0.367495
-0.008848
-2.071841
-1.266232
-1.435856
-0.939768
-0.699616
-0.983600
-0.424425
-1.740892
-1.217512
-1.142406
-0.466064
-0.127196
-0.380452
1.041355
0.351537
-0.269644
-0.282601
0.898022
-0.526534
-1.239475
-0.117069
0.032944
-0.123586
-0.499880
-0.398843
-0.759180
-0.343240
0.217163
-0.099666
0.070697
-0.339365
-0.223430
0.000532
-0.725316
-0.109523
0.864516
0.537869
0.150783
0.283216
-0.297219
-0.436572
-0.581859
-0.349014
0.511851
0.555597
-1.362518
-0.257235
-0.217295
-0.390780
0.016037
0.429669
-0.554297
-0.798726
-1.300392
0.540930
0.218639
-0.340374
-0.324728
-0.539578
-0.390635
0.230062
-0.245919
0.371725
0.347537
-1.139200
-0.224521
0.382834
-0.376783
0.300505
-0.437708
-0.986487
-0.095552
0.229348
0.148724
-0.360223
-1.480650
-0.245655
-0.457852
-1.318331
0.068252
0.092207
-0.319687
1.156375
-0.189057
-0.356151
-0.029359
-0.627237
-0.307151
0.878253
0.437819
-1.940779
-0.853256
-1.009527
-0.543519
-0.680844
-0.977427
-0.777491
-0.232703
-0.932067
0.554349
-0.398544
-0.609985
1.279488
-0.069873
0.972541
0.293255
0.345613
0.579278
0.440756
0.181588
0.138931
-0.015274
-0.356064
0.128178
-0.130055
-0.390783
0.450587
-0.278250
-1.098371
-0.884821
-0.937298
-0.649780
-0.960147
-0.955968
-0.270559
0.352938
-1.151420
-0.780490
-1.050598
0.462263
-0.227393
0.593239
-0.535194
-0.116975
0.070810
-0.404452
-0.130290
-0.834367
-0.442267
-0.263740
-1.424367
-1.065580
-0.767239
-1.191189
-0.917701
-0.583985
0.434178
-0.775344
0.875424
0.452500
0.115765
-0.579335
-1.668723
-0.760727
-1.022520
-1.458113
0.106023
-0.660457
-0.511005
-1.237491
-2.080425
-0.142806
-0.990055
-1.579357
0.667750
-0.098670
-1.993143
-0.779902
-0.112050
-0.307977
-0.529357
-0.958034
-1.203093
-0.881418
-0.279463
-0.473967
-0.383675
-1.042723
-0.410029
-0.383454
-0.606614
0.456375
-0.023257
-1.284952
-1.117830
-0.529805
-1.320695
-1.564395
0.386890
-0.895502
-0.784697
-0.271034
-0.444632
-0.739789
-0.229516
-0.382451
-0.720308
-0.445906
-0.470166
0.015314
-1.089419
-0.239731
-1.062008
-2.609493
-1.216431
-0.470696
0.306201
-0.284861
-0.848748
-0.459035
-1.032442
0.498614
-0.053282
-1.653779
-0.446752
-0.416880
-0.769993
-1.493138
-1.117077
1.146836
-0.698768
-1.502393
0.531675
-0.080606
-0.314490
0.283883
0.069835
-0.672166
-0.160016
-1.287459
-0.100709
-0.463180
-1.027067
-0.840991
-1.153122
-0.839319
-0.798010
-0.594723
-0.429420
-0.288056
-0.583098
-0.552612
0.327763
-0.747896
0.405209
-0.840346
-0.221012
-0.983911
-0.054243
-1.860645
-1.457354
-1.264317
-0.702636
-1.143393
-0.539386
0.810490
0.236420
0.152233
0.040418
-1.232414
-0.637943
-0.175033
-0.583152
-1.406826
-0.125792
-0.784881
-0.233447
-0.403623
-0.767192
1.054545
-1.018188
0.287348
-1.869031
-0.455767
-0.332139
-1.571084
-0.167087
-0.129305
-0.842429
0.068419
-0.111580
0.175715
-1.094779
-0.468863
-1.344533
-0.508424
-2.108475
-0.114979
-0.169778
-0.965699
0.566606
0.289586
-0.336618
-0.014061
-0.188563
-0.624152
-1.459167
-0.427620
0.219701
0.254119
0.888614
-0.238937
-0.327287
-0.288047
0.452950
-0.681145
-1.393795
0.341231
0.052677
0.985203
-0.153532
0.574767
-0.845202
-0.022777
-0.143864
-0.975263
-0.129286
-0.469603
0.202290
0.064277
-1.062777
-1.337114
-0.295385
0.543253
-1.280104
-2.426980
-1.227858
-0.928586
-1.365543
-1.099010
-0.735944
-0.050367
-0.943766
-1.374319
0.164184
-0.059206
-1.426839
0.301397
-0.810936
-0.165447
-0.018533
0.439360
-0.254970
-0.386700
0.262020
-1.434380
-0.530539
0.214396
-1.471078
0.073086
-1.310469
-0.783834
-0.682616
-1.062971
-0.511189
-0.987809
-0.294749
-0.742521
0.204647
-0.009810
-0.005308
0.073535
1.401380
1.181433
-0.370245
0.594392
-1.295514
0.062385
-0.746195
0.933258
0.424582
1.437519
-0.348064
0.211346
-0.010536
0.598402
1.406229
-0.642758
-0.872202
0.663782
0.858748
-1.078436
-0.460072
0.691138
-0.902829
0.735019
0.065610
0.324903
-0.278127
0.221995
-0.222329
-0.391058
-0.590323
-0.754253
-0.999422
-0.255818
0.225052
0.110284
-0.161143
-0.780318
0.569712
-0.311066
-1.373075
-0.904116
0.035939
1.315566
-1.147207
-1.060429
0.468332
-0.404707
-0.673865
0.884724
0.049622
0.578507
0.384016
-1.731216
-1.090831
-0.755738
1.468182
-0.264830
-1.312976
-1.829250
-1.305538
-0.517748
-0.380026
0.618408
-0.540579
-0.843511
0.018933
0.285508
-0.233187
-0.837158
0.337381
0.377329
-1.481364
-0.500506
-0.592634
0.937068
0.456630
-0.740340
-1.251847
-0.517729
-0.779737
-0.922326
0.673905
-0.194330
-1.324984
-0.608731
0.798248
0.276735
0.068262
-0.127564
-1.984980
-0.635865
-0.597228
-0.468360
0.103507
-0.481699
-1.127430
0.114368
1.161265
-1.442718
-1.398627
0.615342
-0.006692
-0.081730
0.012672
-1.109172
-1.495625
0.442424
-0.457464
1.128899
-0.076973
-0.251951
-1.490070
-1.174299
0.278995
0.912351
1.065578
-0.276028
-0.514707
-0.610150
-1.967716
-0.550536
-0.402426
-0.491981
-0.991460
-0.765167
-0.170431
-1.469385
-0.329449
-0.233020
0.173053
-1.386984
1.242818
-0.353823
-1.434049
-1.422141
0.608478
-0.999658
-0.835426
0.512603
0.131681
1.099152
0.946784
-0.540949
0.951312
-0.610498
-0.164415
-0.376658
-0.828823
0.000831
-0.541579
-0.064761
0.136282
-0.426342
-1.402255
1.727732
0.342949
-0.413593
0.278616
0.424193
-1.225293
-1.473419
-0.537146
0.603159
0.263298
-1.465850
-0.334698
0.495025
-0.831292
-1.278125
-0.241843
-1.024947
-0.227304
-0.430134
0.721919
-0.180010
-0.639230
0.130885
-0.380127
-0.525184
0.455439
0.135069
1.552829
-0.247699
0.175688
-1.397207
-0.163965
-0.384707
-0.392315
-0.803299
0.054539
-0.685769
0.549168
0.558759
1.434657
-1.656120
0.662978
0.276045
0.096358
-1.417526
-0.104200
1.137831
0.080472
-0.364782
0.517005
-1.178229
-1.219663
-0.745518
-1.862477
0.204795
-1.136582
0.185022
-0.884755
-0.092521
-1.280028
0.392857
-2.857623
-1.405066
-1.028680
-0.928376
-0.965743
0.540675
0.883140
-1.144684
0.550819
-0.821042
-0.155165
-0.534907
-0.808005
-1.337381
-0.237764
0.062855
-0.305197
0.728653
